72 24 142 
26 46 98 
5 17 140 121 19 
8 121 27 
13 93 
120 22 53 
84 93 133 82 
19 121 25 
119 21 93 20 118 148 
36 24 36 139 19 145 
84 93 133 13 142 
5 141 90 
119 21 118 143 
8 149 98 133 119 13 118 148 
1 121 17 23 118 28 134 13 148 
120 23 118 13 142 
82 86 142 21 142 
2 22 18 133 82 
5 141 21 28 142 
22 24 90 
44 24 21 25 22 118 30 
72 121 18 
121 13 49 86 
49 93 142 90 19 145 
24 38 13 144 13 148 
119 19 118 121 25 95 
36 135 15 40 
49 121 28 43 25 142 
26 118 120 30 118 144 
120 15 88 21 42 
7 145 25 118 142 
7 145 25 118 139 19 24 141 44 30 93 142 
10 146 26 118 121 22 
45 19 121 26 
7 96 139 88 
1 13 24 26 47 121 15 
13 93 139 88 133 13 148 
120 15 144 141 21 150 
21 118 13 150 
7 141 120 21 118 88 142 
44 150 43 121 25 46 145 
3 93 133 36 29 88 
15 47 
121 26 141 90 43 42 
119 20 93 17 145 
93 38 23 118 30 
82 121 29 92 138 86 
119 20 118 40 141 119 21 118 96 42 145 
119 26 148 28 142 
21 121 13 121 22 
19 121 24 19 28 134 13 148 
19 137 86 
22 25 144 
21 118 19 15 118 47 
22 150 53 139 19 145 
10 51 135 120 15 144 133 121 13 
44 24 22 118 19 142 
19 148 28 118 40 
120 13 147 26 24 82 
108 134 13 118 
1 25 15 145 
21 82 141 21 118 143 95 
120 19 118 150 52 23 26 144 
109 19 118 121 19 23 144 
100 17 142 
20 150 52 
120 19 26 121 19 
120 13 118 18 145 
20 86 119 26 51 
38 149 29 121 25 
44 150 21 149 98 
21 24 21 24 141 90 
119 19 118 138 17 144 
44 150 21 149 98 21 26 144 13 148 
5 32 118 144 
21 41 95 
15 22 135 61 24 118 30 
38 25 142 90 
21 118 19 142 
13 40 121 13 
7 47 22 121 25 
5 19 118 24 18 22 118 13 
22 149 29 26 144 13 97 133 82 
20 86 26 144 
49 25 134 82 
15 24 18 118 25 23 142 
1 50 139 88 49 86 
26 93 17 142 
19 53 23 118 144 
22 149 119 29 118 150 98 
7 42 144 120 20 118 133 82 19 145 
21 24 21 24 141 90 
3 93 141 21 88 
120 19 118 149 29 142 
3 121 18 141 90 
121 13 19 137 86 
2 141 44 148 
49 138 18 141 21 19 118 24 144 
91 150 30 41 
21 23 18 142 
119 26 51 20 118 86 
21 42 141 21 13 142 
21 23 53 121 25 
26 93 134 13 118 25 142 
7 42 144 13 118 25 142 
13 41 141 21 118 28 144 
5 21 13 24 18 142 
25 118 21 142 
49 121 28 23 118 137 86 
38 121 25 
82 142 21 145 
42 121 24 23 24 134 13 142 
49 138 18 141 21 142 
19 17 95 
43 23 45 
19 118 147 135 38 
3 28 26 41 
1 87 82 91 121 29 
120 19 118 24 118 23 22 118 13 
45 13 135 15 47 23 118 30 
68 150 13 118 137 38 23 13 142 
49 120 24 118 42 
13 137 40 17 133 13 121 25 16 144 
2 144 26 91 17 150 
2 121 15 
49 133 36 24 22 150 
119 26 149 52 17 142 
21 118 137 40 
22 118 137 86 19 145 
108 138 86 
100 40 46 93 139 19 145 
1 24 38 19 147 
120 22 28 133 13 118 24 144 
21 24 142 21 121 24 
82 121 13 
13 53 22 142 
2 138 17 26 150 
119 20 86 134 13 118 25 142 
49 86 49 139 120 19 150 
3 27 140 88 
19 28 26 118 17 134 13 148 
24 118 87 25 142 
15 91 139 42 24 142 
61 24 118 133 82 
119 21 93 45 19 142 
119 19 118 121 13 
13 118 26 40 
43 19 118 30 142 
120 15 144 
13 144 26 142 
13 121 25 92 18 144 95 
13 121 25 
1 93 134 13 118 137 38 23 13 142 
119 15 23 149 121 13 
119 20 143 
3 136 38 
38 98 45 
119 13 118 86 
121 13 106 133 36 49 86 
121 19 47 23 142 
1 21 118 138 17 142 
10 48 20 118 17 118 
13 138 18 118 40 
1 135 38 86 
5 93 138 121 17 
5 145 25 118 15 142 
121 13 92 121 29 
15 144 26 120 19 15 142 
5 21 20 42 
13 121 25 16 144 
100 86 22 118 30 26 121 24 
21 23 18 142 
119 15 118 141 21 30 142 
5 152 18 142 
5 19 49 23 118 28 144 
100 137 17 121 22 141 90 
1 99 22 118 30 142 
7 138 18 118 144 
2 93 17 142 
102 27 145 
119 13 118 86 91 40 
26 93 121 13 
3 25 133 82 
82 52 133 120 13 118 148 
2 86 
13 17 95 148 
120 19 49 
119 21 118 149 13 118 25 142 
20 145 25 88 
20 149 21 138 90 
8 13 90 139 42 24 150 
90 138 41 23 142 
20 145 25 118 137 38 
13 118 145 45 42 
13 41 139 19 145 
49 28 133 13 142 
13 26 53 141 90 
22 30 141 21 118 134 82 
100 144 121 22 
4 144 133 13 141 21 86 19 145 
26 61 13 24 142 
8 25 142 
1 24 134 13 139 42 30 144 
1 139 121 19 
1 27 13 144 
15 47 139 42 24 142 
21 53 135 15 47 95 
19 49 144 
49 93 88 
49 50 141 90 18 144 95 
91 150 99 121 24 
22 29 140 88 49 86 
91 148 13 24 138 40 
102 53 23 142 
91 121 29 23 118 13 
91 150 30 26 144 
102 139 42 24 142 
13 137 86 19 145 
120 13 118 121 24 141 21 118 143 
20 118 149 21 88 
13 151 106 47 
1 40 139 19 28 142 
43 98 26 30 142 
2 139 42 24 142 
121 13 133 82 27 140 121 19 
3 28 134 13 121 25 
91 88 82 
66 24 118 49 
3 93 133 121 13 
108 144 72 13 142 
44 150 90 29 142 
7 42 144 49 121 30 
5 141 90 13 138 17 142 
82 28 142 
15 13 26 118 15 142 
42 93 22 18 142 
21 27 133 13 134 13 148 
21 84 
43 98 49 23 26 144 
6 149 98 
20 118 150 82 
26 118 144 139 121 19 13 148 
26 118 13 28 134 13 148 
42 93 26 118 28 144 
26 27 133 82 
67 42 23 121 17 
3 25 26 15 142 
10 88 133 82 
2 19 118 24 134 13 148 
13 118 143 13 52 
90 42 23 
20 138 21 144 13 148 
121 21 134 36 51 
49 25 118 15 142 
44 121 18 23 142 
19 24 118 84 
26 96 133 121 13 
21 140 88 
26 118 133 82 141 21 42 95 
19 93 22 13 144 139 19 118 
26 118 121 27 
26 134 36 
45 19 26 118 42 
33 30 30 142 
82 121 29 95 
84 26 144 13 148 
21 118 112 137 40 
20 137 90 
19 26 121 28 
1 41 
21 27 134 13 148 
49 24 133 42 
119 21 118 47 
26 118 147 95 
21 135 121 15 141 21 23 98 
66 86 50 
120 13 51 133 121 13 
43 13 147 135 38 
119 20 86 136 15 118 121 25 
84 137 40 133 13 118 137 86 
1 40 26 118 24 142 
119 13 86 13 118 25 142 
1 139 42 23 118 26 38 23 142 
119 21 118 93 137 84 121 26 
100 121 17 
7 135 15 47 133 121 13 
119 21 118 98 121 22 
13 145 71 24 145 
19 118 134 82 
19 118 40 
1 40 
1 40 22 118 86 
1 93 121 22 
1 27 82 
8 24 118 28 22 118 13 
120 13 118 25 22 118 95 
21 148 51 133 100 17 142 
21 18 142 
15 17 134 82 13 148 
13 118 93 17 150 
120 13 118 120 22 19 13 142 
1 24 15 118 134 13 142 
1 42 13 118 47 13 148 
44 40 
1 93 148 
19 118 53 23 134 13 148 
19 118 139 19 118 
42 24 118 137 121 15 
119 13 118 42 66 144 
100 147 
1 94 141 21 121 17 19 145 
13 98 141 90 133 119 13 118 40 
13 121 28 95 
120 22 149 120 13 118 148 
13 137 40 145 
21 86 133 121 13 
13 96 139 88 22 41 
84 97 133 82 
26 137 17 118 24 142 
20 17 139 121 19 
22 121 29 49 145 
59 147 19 28 142 
90 145 
66 42 22 150 29 142 
1 21 118 24 142 
22 118 149 29 134 13 148 
7 42 144 21 118 144 141 90 
1 93 142 21 41 
21 135 121 15 
21 84 121 22 
82 121 29 13 148 
13 118 49 23 142 
10 28 121 26 
22 138 
42 36 145 
3 24 137 15 13 142 
2 19 24 95 
22 13 118 139 22 118 
120 13 118 137 21 118 86 13 148 
38 98 121 22 141 21 86 139 88 
22 41 
19 121 25 133 120 13 118 145 
59 120 27 
21 23 150 
1 51 133 13 141 21 86 36 29 88 
10 137 119 17 96 139 88 
21 23 150 
3 150 99 142 
21 118 30 142 
21 118 24 21 137 15 142 
1 99 22 42 
49 93 140 42 30 144 
26 50 13 118 137 86 21 26 144 
26 50 13 118 137 86 
13 118 141 21 118 28 144 13 148 
13 118 30 118 134 120 13 118 50 
110 36 139 19 145 
38 121 13 
11 24 142 21 142 
26 50 139 19 17 142 
21 118 42 
1 121 24 
1 121 24 82 121 29 
1 24 134 82 
49 121 17 119 21 98 
119 21 47 23 
2 137 13 148 
15 137 17 142 
15 47 139 42 24 142 
13 40 13 118 24 142 
44 29 49 
13 148 28 135 15 118 49 
49 36 19 142 
13 15 141 21 118 30 
15 118 19 30 142 
22 93 140 88 
90 136 121 15 91 139 88 
5 28 98 
84 139 42 
121 13 139 19 118 28 142 
119 22 118 139 19 142 
121 13 13 25 141 90 
10 141 44 23 145 90 
121 13 120 24 121 13 
121 13 120 23 86 
10 141 21 121 17 139 88 
6 22 139 19 142 108 
121 13 23 118 97 19 145 
1 27 13 118 30 
1 121 22 42 
82 28 98 21 40 
89 13 144 120 26 118 144 
21 50 
119 19 143 26 142 
2 151 88 22 118 
13 38 95 
13 96 26 150 
10 150 52 49 86 
2 61 144 26 42 
90 138 41 23 26 118 150 
82 27 140 121 19 
119 13 118 86 141 44 121 30 
22 13 141 120 21 98 
21 118 144 121 26 23 149 120 29 118 144 
91 137 86 133 13 137 121 17 
21 118 133 36 23 142 
13 40 30 22 118 30 
22 98 44 29 49 
13 40 30 120 26 121 25 
3 93 19 23 142 
13 121 17 23 121 17 141 90 
1 98 26 121 17 
88 47 19 141 21 86 139 88 
19 121 25 141 21 118 121 13 
3 145 25 118 19 26 144 
19 121 24 
5 141 21 118 41 
120 20 15 133 82 96 
120 13 24 28 142 
120 19 118 145 
24 139 19 142 
6 19 118 
119 15 23 145 42 137 17 142 
26 118 47 23 142 
11 17 142 
5 28 144 19 145 
5 17 149 13 137 86 
119 13 118 134 82 
13 141 21 149 21 121 17 
23 118 47 17 91 142 
119 26 51 69 86 
107 25 118 38 47 23 144 
26 24 142 
13 118 25 41 
7 145 25 118 91 148 28 26 144 
2 137 86 19 145 
1 26 150 
120 24 118 140 88 
19 121 25 121 22 23 13 142 
19 121 25 141 90 
2 120 24 118 133 36 23 142 
5 26 144 
3 121 17 135 15 134 13 142 
49 15 118 24 121 18 
3 19 23 142 
3 19 23 139 88 40 141 90 
5 121 17 140 19 88 
21 118 144 121 26 
7 145 121 25 
82 18 142 
20 138 21 144 
19 118 26 24 142 
3 93 19 24 141 44 30 144 
119 20 93 86 
5 150 121 30 
21 137 86 141 90 17 121 26 
21 118 26 118 121 17 
21 118 29 118 134 13 145 
108 135 119 15 138 86 
1 13 24 142 
121 21 23 150 
26 121 28 23 145 
121 13 26 47 121 15 
119 20 36 27 121 26 133 82 142 
102 86 
49 26 118 19 134 13 148 
21 25 22 118 30 
13 30 22 118 30 
21 118 88 13 118 141 90 
21 121 30 20 118 144 
20 24 13 120 26 19 121 30 
19 121 25 133 13 26 15 142 
5 19 49 
1 99 100 25 142 
1 26 97 121 17 23 
1 26 97 133 82 
119 22 135 38 133 119 13 118 148 
72 24 118 141 90 
109 121 28 
36 121 28 
19 121 15 
15 118 13 15 142 
119 24 118 137 40 
5 138 40 23 145 
102 121 24 23 118 17 145 
3 120 23 84 
11 143 95 120 20 24 142 
15 118 141 21 118 86 
21 118 137 40 145 
1 96 139 19 142 
3 134 120 13 
72 24 144 
19 53 20 21 144 
72 24 118 134 13 121 30 
15 140 120 19 118 32 142 
19 23 134 82 
42 29 121 22 
22 82 40 
26 50 21 118 86 
5 23 24 42 13 118 47 13 148 
5 46 144 
22 118 40 133 13 137 40 17 142 
5 23 144 43 121 25 
3 24 26 150 
6 17 24 142 
119 19 150 29 145 
25 136 15 142 
22 18 141 119 21 138 
10 51 22 23 22 118 30 
119 13 118 138 86 
120 15 26 145 
91 40 95 133 82 
119 26 51 135 15 139 42 149 82 
10 150 98 120 15 144 139 19 145 
13 139 19 47 
21 24 140 19 
15 120 13 118 19 24 139 88 26 142 
5 19 52 49 86 
120 22 145 43 121 25 
119 20 86 136 15 118 121 25 
13 17 139 19 145 13 118 24 144 
82 150 98 
1 26 99 133 82 
19 121 22 23 150 
21 41 23 118 28 144 
84 23 26 28 144 135 38 
82 52 135 38 
26 24 25 118 149 29 118 38 47 23 144 
38 150 30 134 13 148 
26 24 25 118 98 
15 47 139 42 24 142 
65 21 13 149 21 142 
119 15 25 95 139 42 137 17 142 
13 137 86 30 144 
49 36 19 118 135 15 118 24 142 
120 19 118 137 17 118 
119 15 118 82 84 
1 121 17 141 90 
90 121 19 139 19 145 
119 13 118 86 142 21 118 49 
119 22 93 100 137 86 
120 21 24 118 23 144 
7 47 139 19 145 
120 21 93 140 88 43 98 139 19 142 
119 19 118 138 86 
120 22 118 137 15 142 
90 24 148 
11 137 121 17 
82 93 82 
10 96 134 13 118 30 26 144 
120 20 144 121 22 23 118 30 26 144 
15 13 18 142 
15 139 42 47 23 150 
26 118 137 120 21 118 144 
1 26 13 118 15 142 
1 137 17 13 118 15 142 
26 118 143 141 108 137 86 
82 42 121 24 
22 93 139 88 26 22 121 30 
5 21 15 47 141 90 
47 139 42 23 118 15 142 
19 142 21 42 
119 26 138 119 18 143 
21 149 21 121 15 
120 22 118 144 
119 13 118 40 26 50 
119 13 28 19 22 144 
26 118 134 82 
119 13 118 136 15 22 118 13 
100 17 142 
22 140 42 47 15 121 21 
1 25 22 118 47 
119 13 118 133 13 47 141 90 
13 145 25 121 18 
84 149 98 141 21 23 118 142 
22 118 149 29 91 40 23 118 88 
102 17 118 30 
13 118 24 142 
90 29 20 118 117 98 
72 86 
5 47 121 22 23 118 28 144 
7 141 21 40 
7 146 26 28 95 
21 138 121 18 
44 24 84 24 142 
120 26 149 98 121 22 
15 138 121 17 
3 22 118 25 23 142 
15 22 118 19 118 30 142 
7 47 15 133 42 
7 134 36 93 140 88 
10 137 17 13 142 
91 13 118 142 
42 17 141 119 21 118 93 148 
44 24 135 15 118 24 120 22 121 17 
102 17 142 
26 28 118 13 142 
91 40 92 142 
20 17 141 90 
91 40 23 118 88 
13 118 145 26 118 143 
10 51 21 24 141 90 
26 28 142 
22 53 19 118 44 22 118 30 142 
22 53 19 139 19 150 121 22 
107 98 
21 38 133 36 29 88 
120 26 137 121 17 23 118 86 19 145 
119 13 118 140 19 51 141 90 
13 118 144 139 42 121 13 
120 22 149 21 40 141 90 
13 26 86 
82 40 121 15 
84 13 118 19 118 24 142 
21 41 139 88 121 29 
90 29 133 13 41 
90 149 98 120 20 118 143 
119 22 96 82 26 144 139 42 
15 133 13 24 142 
19 121 25 23 121 18 
19 121 25 20 13 24 142 
3 96 133 82 142 
26 15 141 21 86 139 88 
15 13 150 
1 137 121 17 
119 19 118 50 145 
22 118 43 29 142 
13 26 30 22 118 13 
19 45 27 13 142 
66 138 17 13 121 24 
20 118 13 65 21 142 
21 53 133 13 137 40 
3 25 137 38 23 142 
119 26 138 119 13 118 148 
1 52 49 48 
1 52 23 118 121 22 
90 29 133 13 41 
1 25 137 38 23 141 21 86 139 88 
119 15 143 88 91 40 
121 15 25 142 
7 96 139 19 52 95 
22 118 121 23 
13 149 21 121 30 
21 46 144 
19 134 13 142 
119 15 118 133 82 
38 139 42 24 142 
26 93 26 118 143 
10 48 141 120 21 121 27 
42 93 86 
22 23 133 36 49 86 
13 137 86 141 21 118 86 
108 121 30 
120 21 15 118 121 22 
65 137 121 15 
88 87 133 82 
65 49 24 26 118 19 142 
82 98 140 19 137 86 
19 118 133 13 142 
65 21 13 142 
119 26 52 135 119 15 23 145 
102 121 24 23 118 86 
119 15 23 145 21 86 139 88 
3 29 133 82 22 42 
91 133 36 23 22 118 30 88 
21 136 15 141 21 40 
42 41 139 19 145 
82 121 29 95 
120 26 134 121 13 
88 93 
90 88 121 22 23 118 133 82 
49 120 26 13 22 149 29 
5 139 19 24 26 118 19 142 
119 26 82 26 118 13 
119 13 118 138 17 118 137 17 142 
5 42 47 
119 26 141 21 43 121 25 
15 118 150 52 19 147 
1 98 121 26 38 36 135 121 15 
15 134 36 48 
20 118 19 84 24 142 
15 26 118 145 
26 118 143 141 90 
22 118 149 29 142 
22 118 149 98 139 88 41 
120 15 118 25 118 137 17 142 
44 24 15 26 142 
3 24 138 86 
119 21 118 42 144 19 145 
119 19 118 121 25 120 20 118 133 36 
3 93 140 19 118 94 142 
13 53 22 120 26 42 23 145 
21 133 13 142 
44 150 30 41 46 145 
1 24 142 21 142 
5 148 28 88 
19 149 119 15 23 25 118 13 40 
3 23 25 118 121 22 
6 88 21 139 42 
120 13 118 41 141 121 21 
1 121 25 26 47 121 15 
100 135 15 145 
21 27 142 119 21 93 142 
1 139 42 23 118 23 142 
82 27 141 21 142 
21 118 25 142 
7 138 84 26 40 
88 24 139 88 
15 134 13 67 17 142 
8 22 118 149 98 
72 138 
26 93 22 118 30 142 
13 118 120 15 118 121 25 
38 98 139 121 19 
5 93 26 118 133 82 
89 87 133 13 142 
15 142 21 26 142 
5 148 74 86 
26 24 95 
26 93 26 118 143 
49 13 118 24 142 
119 19 118 145 121 25 13 148 
1 42 13 47 139 88 148 28 88 
13 17 30 118 51 
84 19 140 42 24 142 
5 148 28 17 24 133 13 142 
5 19 118 65 30 141 21 86 139 88 
22 121 29 91 13 22 118 13 
13 118 141 21 13 142 
120 13 118 50 133 13 52 
119 19 118 50 145 89 137 21 142 
82 27 140 121 19 13 148 
26 47 49 25 133 82 
45 28 13 118 143 
119 21 118 52 
26 15 42 13 148 
13 118 25 26 47 121 15 141 21 40 
42 121 24 141 21 17 142 
9 142 90 25 150 
15 118 150 120 29 118 144 
82 40 22 13 148 
20 118 137 40 23 142 
15 136 61 49 
15 118 139 88 133 82 40 
15 26 17 118 145 
119 19 118 50 149 120 21 137 121 17 
90 24 137 38 
49 98 49 98 141 21 118 13 
15 22 139 88 26 45 150 121 22 
38 84 133 119 13 118 121 25 
19 118 147 26 118 30 
15 118 142 44 24 118 41 
119 21 118 88 
82 27 140 121 19 46 150 121 22 
19 118 27 142 108 
1 40 141 21 121 17 
20 13 24 142 
20 118 13 47 13 142 
84 17 144 133 119 13 118 40 
119 19 51 26 118 133 82 
15 134 59 19 142 
120 22 118 19 145 
26 98 121 22 
26 82 141 90 
21 118 24 142 21 47 23 142 
102 47 23 13 118 140 42 
26 121 13 141 21 86 139 88 
13 51 22 138 
106 143 121 22 23 118 30 
120 20 47 121 27 
5 148 13 137 17 121 22 141 90 
119 15 118 139 88 47 121 22 
20 118 137 17 142 
91 121 30 141 90 
19 139 119 19 86 139 19 145 
22 118 142 21 27 142 
13 118 23 134 13 148 
1 66 42 
120 22 118 139 121 19 
5 148 28 144 139 19 142 
1 141 21 118 49 
120 20 118 23 118 51 
119 15 142 21 93 139 42 
108 135 38 133 119 13 118 145 48 
106 143 121 22 141 21 86 139 88 
119 19 51 26 118 30 
21 93 26 43 121 25 
1 93 13 118 121 22 
20 138 21 144 
109 17 141 21 137 86 148 28 88 
119 20 93 133 13 142 
21 118 145 120 13 118 26 118 
5 121 29 19 145 
120 22 142 21 118 25 142 
109 86 21 53 
13 145 112 47 
88 141 90 
3 93 21 118 25 144 
13 138 13 118 41 141 90 
66 144 26 28 134 13 148 
102 47 23 150 
42 63 119 24 150 98 
9 133 36 23 142 
121 15 121 13 
5 139 120 26 13 142 
42 138 17 118 137 17 142 
19 26 121 18 
42 24 49 23 142 
106 138 40 49 86 
120 13 118 137 121 17 
61 24 118 133 82 
5 148 97 18 144 95 
100 137 17 41 
15 22 23 142 
119 15 49 48 
120 19 134 13 118 143 
15 26 141 119 21 137 40 
119 15 118 144 120 21 118 144 
20 118 18 23 142 
120 13 118 121 27 
120 15 13 47 141 90 
26 102 145 
19 138 86 26 17 142 
120 22 118 137 15 142 
90 148 51 
19 86 22 118 149 29 142 
15 118 86 19 145 
13 118 141 67 86 
20 137 15 139 42 24 142 
19 21 118 145 19 121 25 
10 93 121 22 141 21 118 86 
1 52 26 118 149 29 145 
1 52 95 100 144 121 22 
119 15 28 140 19 47 23 142 
65 49 24 22 118 30 
21 24 134 36 133 13 118 143 
38 36 135 121 15 
82 52 133 120 13 118 148 
26 137 40 
1 144 26 25 144 
49 90 19 145 
119 19 149 82 
3 121 29 23 118 138 121 22 
61 141 90 
13 49 23 24 134 13 142 
119 15 28 133 36 23 142 
38 133 13 25 118 30 
17 33 150 
2 137 38 141 21 82 42 
1 150 30 118 38 
119 19 47 49 139 19 145 
13 93 139 88 121 24 
26 144 18 121 30 23 118 28 144 
2 121 18 23 142 
49 140 121 19 13 148 
82 98 133 36 17 118 120 19 
3 121 17 120 26 121 28 
13 152 17 142 
16 118 46 98 
49 40 95 13 118 25 142 
44 121 18 140 88 148 28 88 
120 20 144 120 13 118 86 
20 118 13 142 90 
120 21 137 40 
120 20 144 91 13 139 120 19 144 95 
21 23 91 98 139 88 
40 150 
19 150 121 22 
13 138 22 118 143 
19 118 53 23 142 
119 19 118 17 144 26 137 40 
15 109 13 142 
15 109 13 49 23 145 
20 98 22 18 142 
66 144 23 118 121 18 
10 141 44 86 
21 25 26 140 19 141 21 86 139 88 
13 137 17 118 23 141 21 86 139 88 
4 86 119 13 118 86 
108 134 82 
20 17 139 88 21 26 144 
119 19 118 82 141 21 118 28 144 
120 26 121 25 141 21 118 86 
6 86 93 26 145 
63 135 15 144 
109 147 13 40 139 19 145 
49 121 25 22 42 121 44 145 25 118 19 
49 15 118 47 
21 139 42 47 139 121 13 
109 25 19 30 142 
45 24 137 86 19 145 
100 141 44 86 
4 24 145 
91 121 29 120 13 86 
15 118 151 42 47 
119 21 118 98 141 21 149 29 26 150 
120 21 118 137 40 46 86 
1 98 21 88 
15 134 82 
21 118 121 15 
90 13 118 144 
13 41 53 
43 121 29 120 26 149 98 
91 96 133 13 
91 149 52 112 122 
20 121 17 21 118 121 19 
121 13 119 23 96 139 88 
15 22 24 15 142 
19 13 24 142 
13 41 141 119 21 118 52 
19 118 98 22 118 29 118 13 
21 118 15 30 142 
102 149 43 121 25 
19 53 121 22 141 21 86 139 88 
3 19 147 
26 40 13 118 145 
119 22 28 53 
22 138 17 25 142 
119 20 93 141 90 
21 25 118 
119 21 118 29 118 121 22 
21 140 19 118 86 
90 53 19 141 120 21 118 144 
6 136 15 149 21 118 137 86 
13 93 49 
91 13 118 142 
120 19 148 
5 25 13 142 
120 15 45 141 90 
10 93 43 121 25 
13 135 120 15 47 
3 121 15 49 29 118 
84 93 133 13 22 118 13 
43 121 29 95 98 19 145 
3 98 42 
13 138 17 30 142 
5 17 145 43 121 25 
8 95 13 121 18 
10 137 17 142 
13 118 145 15 137 121 17 
22 144 22 134 13 148 
13 139 19 47 133 120 13 118 145 
3 19 50 23 145 
49 120 22 118 15 30 142 
66 42 21 42 
65 144 141 90 
6 42 23 142 
6 24 118 137 38 
3 28 43 121 25 
43 23 118 23 141 21 86 139 88 
90 53 19 142 
13 17 149 82 93 49 
22 118 20 118 86 
21 36 144 19 145 
5 98 42 141 21 86 139 88 
82 27 141 21 142 
3 121 18 139 19 145 
119 19 118 86 26 118 30 142 
119 15 145 25 118 133 82 
10 93 22 30 19 118 13 
49 121 28 95 13 148 
120 19 149 98 
15 42 139 42 137 17 142 
119 21 98 21 26 144 13 148 
119 20 136 15 96 139 19 142 
13 137 86 22 118 30 142 
13 98 26 142 
119 13 118 148 121 28 23 40 
3 28 121 22 
121 13 139 88 138 86 
15 118 49 
15 121 13 
13 17 139 19 145 
22 48 
119 13 118 121 25 13 118 24 150 
5 29 49 30 144 
5 18 144 95 148 28 26 144 
91 139 19 45 86 
13 139 42 
120 22 118 42 24 142 
91 13 26 47 
13 93 139 42 145 119 13 118 148 
49 137 86 133 119 13 118 86 139 
20 98 133 82 19 145 
43 144 26 118 13 142 
21 118 136 15 118 25 134 82 52 
44 150 13 19 95 
26 23 88 26 140 120 19 118 144 
91 150 120 30 98 
13 142 68 24 142 
20 150 121 22 
3 29 118 145 
49 28 142 21 24 142 
68 30 26 144 
82 120 21 24 13 142 
82 22 24 150 
20 23 135 119 15 118 145 
120 26 48 
5 24 142 
42 93 49 27 118 
120 19 118 24 18 134 13 148 
13 93 49 120 25 
20 150 117 145 
10 141 90 24 95 
42 17 145 
5 133 36 24 142 
13 118 112 150 98 
9 142 21 88 
2 120 25 118 15 121 30 
26 118 30 142 
26 121 28 23 118 21 42 
13 118 47 93 148 
21 118 42 139 19 145 
120 26 19 121 30 
1 150 90 17 150 
26 15 42 
7 42 24 118 13 
7 42 144 141 21 118 144 
90 24 118 18 142 
42 137 17 142 
91 13 26 144 
120 15 118 19 121 30 
120 21 118 144 
43 121 29 95 
120 15 40 121 13 
108 144 139 42 119 15 143 
21 118 15 139 88 17 150 
21 17 141 44 40 141 90 
26 40 13 137 40 
119 15 143 92 148 
3 98 42 
15 17 134 82 13 148 
91 40 119 26 86 
22 13 118 20 42 
19 137 86 141 21 118 86 
119 20 143 49 28 133 82 
26 50 141 21 52 
26 118 143 26 50 
10 141 90 19 145 
10 93 20 118 23 13 142 
5 17 150 21 118 86 
13 118 141 90 47 121 22 
2 86 13 28 142 
82 52 141 90 
82 52 133 120 13 118 148 13 148 
49 22 118 30 142 
13 118 149 98 
26 118 22 118 150 
8 25 142 
1 45 25 142 
120 26 141 21 22 24 142 
119 21 118 150 30 142 21 25 142 
65 133 82 51 
25 137 38 23 134 13 148 
49 24 145 
66 25 118 142 21 47 
59 98 19 145 
66 133 13 142 
5 46 120 24 118 137 17 142 
91 19 145 
121 13 49 121 30 
119 20 145 
9 140 88 
65 144 95 
22 19 142 
19 46 144 
22 17 142 
24 38 13 144 
22 98 22 25 144 135 38 
26 118 53 121 25 
90 23 145 
66 144 139 120 19 133 13 142 
119 21 93 142 21 118 150 121 22 
120 26 137 40 
33 145 48 133 13 137 86 
45 13 95 142 
43 121 30 95 13 148 
119 13 118 145 
38 13 24 142 
5 46 111 137 86 
22 98 61 24 121 22 141 90 
49 86 49 139 19 145 
13 118 86 
19 150 121 22 
82 40 139 19 30 142 
13 137 17 118 23 142 
121 13 133 82 137 121 17 
49 93 142 90 
24 38 13 150 
1 45 144 19 142 
121 13 133 13 40 13 118 24 142 
82 18 13 142 
49 17 121 25 
2 120 25 118 15 13 144 
89 13 144 120 26 118 144 
13 50 13 118 25 142 
120 13 17 23 142 
119 19 118 138 121 17 133 82 50 
19 149 13 118 25 142 
5 137 119 21 118 93 148 
119 19 118 17 144 
120 13 118 46 145 
119 19 118 17 144 133 13 145 49 
13 51 142 90 
10 141 21 140 19 142 
91 24 138 21 118 86 
1 86 133 82 119 22 118 50 
1 52 140 42 93 
120 22 19 118 49 
119 26 137 86 
119 15 143 23 118 42 93 139 19 145 
120 26 121 25 46 150 121 22 
5 23 24 133 82 121 29 95 
22 118 19 144 135 15 134 13 142 
119 26 138 121 17 133 13 118 143 
19 134 82 45 17 142 
8 47 
25 137 15 142 
49 28 133 82 
1 150 21 51 141 90 
21 134 13 51 141 90 
19 41 133 121 13 23 118 28 144 
1 150 90 
21 138 121 18 
91 149 98 121 13 
119 15 28 13 47 23 134 13 148 
21 118 121 19 133 120 13 118 86 
13 25 140 88 121 24 23 118 17 145 
26 118 133 82 47 121 22 
22 19 22 118 52 23 26 144 
21 137 17 22 51 141 90 
15 118 19 142 
15 121 22 23 145 
82 51 144 
19 121 24 46 29 133 13 142 
3 29 134 82 19 145 
21 118 136 15 118 48 
120 21 118 24 118 51 
119 22 118 50 
91 23 149 38 
13 17 140 19 
13 26 144 119 20 52 
44 29 82 
20 118 149 13 118 48 
19 40 
38 47 
120 26 13 139 19 121 17 
1 40 21 41 19 145 
10 48 23 145 
15 22 151 36 93 19 142 
10 93 134 36 121 18 139 19 145 
20 13 145 
20 17 26 40 133 121 13 
119 13 118 139 19 22 145 48 
109 121 25 
10 139 88 121 27 141 90 
6 27 145 
120 13 118 25 142 
49 121 25 
38 133 13 30 142 
3 93 137 17 121 29 
3 93 22 145 
2 24 142 44 
15 137 17 142 
26 27 133 13 52 16 144 
91 150 30 41 
49 25 82 
19 121 25 121 22 19 118 134 82 
19 121 25 26 144 
91 150 30 41 
20 40 13 144 
3 121 25 
45 150 49 38 52 
13 149 98 133 119 13 118 148 
100 99 19 145 
15 118 19 30 134 13 148 
21 40 26 142 
21 118 17 133 120 13 118 141 90 
22 150 29 142 
7 93 121 22 
22 121 29 139 19 145 
13 40 19 142 
119 15 140 120 19 150 
49 47 15 145 
119 19 118 137 40 
8 134 82 
2 133 13 108 144 26 142 
21 121 17 141 21 118 51 
8 120 24 118 137 86 19 145 
119 13 28 24 49 
1 52 23 141 21 86 36 29 88 
119 26 149 52 121 25 
21 27 134 13 118 25 142 
49 86 141 90 
120 21 135 84 
3 17 88 
3 17 88 15 118 47 
13 118 145 
119 15 49 
84 13 72 30 142 
66 28 142 
22 17 145 
84 36 
22 118 86 
119 13 118 40 
2 25 22 24 142 
82 149 29 135 119 15 23 145 
21 118 24 142 
120 19 118 137 17 142 
21 23 140 88 
6 30 91 149 120 29 118 144 
119 20 47 95 
82 96 
82 149 29 135 15 118 137 86 
49 22 144 15 30 142 
13 138 40 139 19 145 
120 15 118 121 30 
120 13 118 47 133 121 13 
120 21 118 133 82 26 24 139 88 
1 28 49 145 
84 121 22 
19 118 24 118 28 142 
21 46 144 
6 144 
107 25 13 142 
5 47 22 142 
6 98 13 118 143 
109 40 
119 15 23 145 21 86 
26 118 147 133 121 13 
89 98 134 82 19 145 
21 23 18 142 
119 19 93 
22 133 13 148 
120 15 118 28 142 
119 13 118 86 121 22 13 148 
119 13 118 104 24 142 
13 87 133 13 118 145 
22 121 25 139 119 19 118 17 144 
119 20 118 98 134 36 23 88 
1 96 121 13 
15 121 22 23 25 121 29 
21 46 149 38 
13 25 118 135 15 118 24 142 
21 138 21 118 86 
82 26 121 28 
91 121 29 
65 141 21 140 19 142 
82 149 29 142 
106 133 82 
119 26 51 135 15 142 
13 93 120 22 13 142 
13 17 149 13 121 24 
91 13 142 
7 145 121 25 
120 13 118 86 
26 47 
65 134 82 
119 19 118 17 133 13 142 
38 134 13 142 
6 24 121 17 141 90 
5 140 88 19 25 118 145 
26 24 142 
13 137 86 141 21 86 139 88 
5 139 42 120 23 118 13 142 
26 118 40 133 121 13 23 118 28 144 13 148 
21 27 133 13 26 27 133 13 142 
49 137 86 49 86 
2 149 29 145 
45 42 26 138 40 
26 150 91 121 29 
84 27 149 38 
42 30 15 47 133 13 17 150 13 148 
1 121 18 
26 118 143 141 120 21 135 84 
15 118 23 142 
21 137 40 23 145 
13 118 24 41 13 148 
120 13 148 
120 26 137 121 13 
120 13 148 49 
120 20 23 144 13 148 
120 26 133 13 118 86 
3 25 133 36 23 142 
82 121 29 21 118 86 
119 13 118 136 15 142 
120 20 144 13 118 18 145 
21 134 120 13 149 21 26 144 13 148 
38 121 19 95 
82 121 25 139 88 49 86 
120 15 19 141 21 86 139 88 
36 17 134 82 
2 86 19 145 
20 17 30 142 
2 21 139 88 
1 21 118 23 13 24 22 118 30 
43 121 25 121 22 
43 29 142 
120 22 86 
120 21 47 135 15 142 21 27 142 
20 118 148 
22 118 134 13 53 
44 121 27 141 90 
13 25 13 25 141 21 118 13 
26 38 141 44 17 142 
19 24 142 
20 17 24 118 15 144 
26 24 120 26 149 44 17 142 
108 137 86 
13 118 26 145 
5 121 29 49 17 142 
21 27 53 
19 144 133 13 142 
121 22 145 13 145 
19 144 133 13 70 42 23 118 13 
121 22 140 19 150 
21 23 145 
36 27 121 22 
20 136 121 15 
1 93 26 93 141 21 118 30 
120 20 149 98 
119 21 118 96 88 
1 150 29 118 17 142 
15 17 25 142 
42 30 142 
49 26 118 19 142 
13 17 150 
1 24 134 120 13 149 29 142 
8 22 118 149 52 49 86 
10 96 133 13 22 118 30 26 144 
66 138 17 
8 134 82 36 120 29 118 142 
119 26 82 13 118 25 142 
119 19 118 137 40 23 142 
21 118 144 
19 28 144 26 118 30 
1 141 21 118 
102 121 24 23 118 86 19 145 
120 21 84 
3 28 43 121 25 
7 94 142 90 91 52 95 
22 30 142 
3 27 141 90 
19 17 142 
13 138 41 23 22 118 30 26 144 
43 144 18 23 142 
65 144 22 118 30 142 
120 22 149 21 118 144 121 26 
1 52 49 139 19 145 
13 18 26 150 
44 24 13 17 30 142 
21 121 29 15 118 149 98 
15 47 95 
1 25 134 13 47 
82 121 29 20 88 148 28 88 
1 144 141 21 41 
3 28 26 24 38 
91 96 72 135 84 17 150 
5 46 144 
43 121 29 23 
5 24 133 13 
91 40 95 
120 19 144 140 119 19 86 133 13 141 21 86 
120 21 93 140 88 43 121 25 23 142 
13 118 19 25 144 13 148 
22 121 30 
49 84 26 118 15 142 
1 42 144 152 17 142 
89 138 5 46 47 23 145 
20 24 142 44 23 145 
22 42 23 135 15 118 141 21 118 86 
89 121 24 69 24 145 
119 15 143 121 13 13 148 
49 25 134 36 23 145 
2 147 140 19 
15 140 88 46 144 
84 121 29 13 148 
43 135 15 23 22 118 13 
26 121 24 23 121 29 
21 137 17 142 
42 93 135 15 121 21 
19 118 22 19 22 118 36 29 88 
44 47 139 88 133 119 13 118 86 
38 140 42 139 19 145 
19 137 17 135 84 
120 13 118 47 133 121 13 49 86 
1 42 144 119 26 138 
1 47 26 118 148 
1 99 19 118 21 142 
120 22 28 118 138 121 22 
26 118 24 3 19 147 
13 118 140 19 15 133 42 
91 88 43 121 25 
44 24 142 22 118 138 17 22 118 30 
13 121 17 43 121 25 
6 50 23 144 13 148 
15 118 121 25 
21 24 118 22 47 
43 18 118 30 22 118 13 
8 28 30 142 
1 93 49 
68 150 
120 13 118 47 133 121 13 13 148 
66 25 118 134 13 142 
6 121 22 
2 144 141 21 118 137 17 142 
119 21 118 143 133 13 118 145 
22 98 139 19 145 
120 20 24 142 
15 118 144 140 42 93 141 21 88 
20 142 21 13 24 22 118 30 88 
26 133 36 24 22 118 30 
22 30 135 120 15 118 144 95 
26 144 41 139 19 145 
21 84 121 22 23 118 133 82 
7 150 99 17 150 
119 13 118 42 133 13 121 26 
21 23 150 21 86 139 88 
38 48 144 141 90 
2 97 121 22 
5 93 26 142 
2 138 
120 22 25 118 138 121 22 
84 19 118 47 139 88 133 119 13 118 148 
15 22 118 51 139 19 145 
121 26 24 118 133 36 23 142 
120 22 25 118 28 144 
22 118 134 13 118 143 
21 118 121 25 26 30 142 
26 18 133 13 139 42 149 82 
22 42 141 90 133 82 47 23 26 144 
7 86 139 19 145 
120 15 118 27 20 118 86 
22 30 142 
3 53 141 90 
19 121 25 119 23 96 139 88 
19 121 25 49 42 
19 13 144 139 19 145 
3 40 139 19 145 
49 26 24 134 13 148 
49 47 26 118 30 
88 141 21 52 19 145 
5 121 27 141 90 
21 25 
26 121 24 21 17 142 
90 29 141 21 86 142 
2 151 42 120 24 48 23 118 
15 25 121 26 133 13 145 
15 140 121 19 
1 50 139 19 145 
42 93 22 18 22 118 30 26 144 
72 24 139 42 23 118 36 
19 13 26 145 
119 26 143 23 150 
72 47 23 142 
91 13 109 40 
5 46 145 
4 86 119 13 118 86 
106 149 98 26 118 144 
26 28 144 141 90 
120 22 142 21 86 139 88 19 145 
26 28 144 140 88 26 93 142 
1 44 49 93 139 42 
43 13 147 95 13 148 
100 137 17 142 
21 133 19 144 13 148 
20 118 50 133 36 18 98 
119 26 40 
1 12 52 121 18 
13 138 86 44 40 139 19 145 
22 121 29 
120 19 144 135 38 119 21 98 
91 88 13 121 25 
19 118 143 26 50 
7 30 133 82 
119 21 118 52 46 23 145 
1 28 95 120 13 118 145 
49 138 119 26 51 
3 23 140 42 24 142 
21 19 133 13 142 
22 93 140 88 
59 144 139 19 121 30 
42 24 118 137 121 15 
1 24 133 13 150 
15 144 26 118 42 13 118 47 
3 29 140 19 30 144 
5 18 95 133 13 137 86 141 21 118 86 
45 150 15 118 24 142 
120 26 149 98 121 22 13 148 
120 26 98 21 118 86 13 148 
49 139 42 23 118 15 142 
1 99 21 26 142 
38 24 22 134 13 148 
3 133 13 137 17 118 30 
9 139 42 121 13 
88 93 49 133 120 13 148 
109 147 82 
49 93 140 88 
15 140 42 141 90 13 148 
66 148 119 19 118 17 144 
5 98 141 44 30 144 
5 98 141 90 
119 21 118 50 19 145 
16 118 21 13 142 
3 27 141 90 
120 20 118 143 
22 30 26 28 144 135 38 
19 149 119 13 118 121 25 
5 121 28 135 15 145 
13 118 121 28 
26 118 17 121 13 
13 93 121 18 
1 86 133 82 22 118 40 
21 25 121 13 
42 121 15 
26 40 26 142 
119 15 23 145 91 121 29 
120 20 24 40 23 118 13 
3 23 133 82 30 144 
22 138 
6 30 91 149 29 26 144 
21 118 19 13 142 
90 29 118 
22 121 29 140 88 49 137 17 118 144 
120 21 24 50 95 
20 17 26 40 133 121 13 
3 29 133 13 142 
1 42 15 23 142 
65 144 133 13 19 47 38 
49 138 13 149 13 148 
6 144 26 25 142 
20 149 21 41 
20 86 141 21 13 145 
20 86 49 145 
22 139 42 23 26 82 141 44 30 144 
26 50 91 121 29 
20 86 24 118 139 42 47 
21 41 22 121 30 
10 93 13 118 145 
3 23 149 119 21 23 144 
13 28 149 119 13 118 40 
3 24 139 42 30 142 
5 21 118 121 19 13 148 
1 21 118 23 135 15 134 82 
19 148 97 21 40 
3 24 95 21 13 145 
120 20 118 143 13 148 
120 20 144 121 22 46 150 121 22 
120 26 121 25 66 133 13 142 
8 22 118 149 29 142 
1 42 93 141 42 
22 30 43 121 29 49 150 121 22 
106 24 142 
13 145 49 
21 118 145 
22 30 84 
5 148 28 142 
7 150 99 121 17 23 88 
13 138 41 119 26 40 
22 140 42 47 
38 52 23 
43 45 17 142 
1 149 90 19 142 
13 118 30 145 66 144 
84 26 144 13 138 18 118 40 
15 138 121 17 
3 25 133 13 18 142 
13 49 121 19 
49 43 120 23 118 13 142 
21 36 144 22 118 30 142 
22 118 26 137 17 142 
1 26 20 142 44 133 121 13 
24 139 88 
36 18 98 
49 26 118 13 118 139 88 
22 18 91 52 140 19 26 144 
120 15 88 151 120 118 30 142 
90 47 140 88 119 13 118 148 
22 93 139 88 26 144 
91 121 30 26 144 
120 21 135 15 118 28 144 
119 21 118 142 121 22 
120 15 118 13 22 118 30 
120 22 13 142 
90 150 30 121 13 
26 118 15 142 
82 52 133 120 13 118 148 
19 26 38 141 44 148 121 28 
49 120 30 118 19 22 118 30 
15 118 82 21 40 
13 25 121 26 
1 13 50 
42 24 137 86 
20 72 30 
42 93 139 88 
20 118 13 70 13 22 118 30 
15 118 150 52 19 147 
2 40 141 119 21 93 133 82 
3 24 137 121 17 
13 19 95 
21 17 82 
1 144 139 19 142 
4 15 150 
15 140 120 19 13 142 
26 24 19 137 15 121 18 
3 96 139 19 40 
20 118 17 13 142 
3 96 141 21 121 29 
26 24 120 26 149 21 121 29 
84 121 22 
22 135 15 142 
15 22 23 142 
108 135 119 15 138 86 
120 22 149 21 118 144 121 26 
42 121 24 
8 13 118 42 21 139 42 23 142 
43 121 30 95 133 13 137 40 21 142 
44 24 135 15 121 30 
22 30 43 121 25 
15 140 42 24 150 
19 118 144 68 13 142 
120 13 118 21 142 
120 22 94 142 
13 118 134 120 13 23 142 
3 145 25 142 
13 138 18 150 
5 139 42 24 137 17 118 42 
20 140 19 26 30 142 
88 121 28 
21 93 82 
1 38 134 13 142 
82 18 142 
82 40 139 19 145 
15 140 19 30 142 
82 40 66 144 
3 23 140 42 24 142 
21 84 
26 29 137 38 
44 18 26 121 29 
8 149 98 
68 121 15 
20 13 144 
7 138 18 142 
22 145 48 121 13 
1 42 13 142 
13 137 40 17 142 
22 121 25 141 44 24 120 19 15 142 
119 13 118 121 25 
21 118 121 19 
100 142 90 
3 121 15 133 13 121 25 16 144 
13 86 82 
109 147 82 
120 21 118 13 141 119 21 118 93 148 
13 137 17 142 
1 40 121 22 
82 40 13 118 24 150 
26 118 139 88 
2 149 98 66 144 
22 98 22 25 144 135 38 
106 38 
13 17 121 22 
13 30 95 
15 139 19 142 
21 118 13 142 
2 24 142 21 142 
67 17 142 
2 24 118 143 135 38 
22 99 19 118 24 144 
22 24 18 142 
21 50 84 22 139 19 145 
26 50 
20 13 142 
119 15 143 42 23 118 28 144 
119 21 23 144 
82 98 36 23 
20 118 86 
3 23 145 21 118 30 88 
61 149 29 142 
3 23 149 121 13 
15 142 21 118 42 
4 137 86 
43 13 24 25 118 21 142 
120 19 118 86 
43 25 1 42 144 95 
43 25 20 86 133 13 142 
3 25 82 26 118 13 
36 27 133 82 
7 51 88 
15 118 141 44 86 
84 149 29 142 
13 137 17 121 22 141 90 
119 21 118 93 28 118 19 118 24 43 121 25 
21 24 26 15 22 121 17 19 145 
22 120 30 118 21 118 26 142 
1 93 120 13 
13 96 139 88 
120 26 138 86 142 
120 19 121 26 13 148 
7 42 144 22 121 29 
120 21 135 84 26 118 144 139 121 19 
65 21 142 
22 118 140 42 70 13 142 
43 13 24 22 42 141 90 
15 47 13 137 40 49 86 
10 93 119 21 118 96 88 142 
7 51 42 145 
90 42 23 
49 51 142 90 
21 42 141 90 
15 134 82 
21 46 149 98 20 144 
20 118 121 28 
91 137 121 17 
20 150 30 17 139 121 19 
7 137 86 
22 118 84 
120 19 144 95 
22 118 94 45 
90 139 19 13 142 
43 121 25 
23 118 121 30 
42 30 15 47 
1 86 139 19 
49 86 42 
3 24 95 
119 15 118 141 21 30 142 
9 150 21 88 
119 19 118 138 105 98 
1 146 26 28 95 19 118 150 
120 26 98 
119 15 143 42 139 19 118 148 
15 139 19 142 
119 26 137 40 141 120 21 135 84 
84 109 13 142 
3 23 145 90 
20 17 140 19 88 
19 133 13 118 51 
15 134 13 17 141 21 86 139 88 
19 96 95 
120 15 121 26 110 144 
21 18 120 22 118 15 40 
1 24 26 121 18 141 90 
119 20 93 133 13 40 
19 121 25 19 145 
91 133 100 17 145 
3 24 133 13 142 
22 23 133 13 142 
22 93 139 88 26 22 121 30 
120 26 121 25 26 118 143 141 90 
84 91 13 22 118 13 
26 17 133 82 
21 29 121 26 13 148 
44 40 21 17 49 145 121 25 
22 98 139 19 145 
119 21 118 150 
21 24 26 118 46 145 121 25 
15 133 42 110 137 86 142 
90 27 133 13 139 42 145 
120 21 118 48 
19 141 44 145 121 25 
3 19 147 13 148 
1 52 49 141 90 
3 93 140 19 118 94 142 
91 148 28 134 36 
2 133 13 142 
15 140 42 141 90 
7 42 144 119 13 118 148 28 145 
15 140 42 139 19 145 
6 133 82 49 139 19 145 
13 17 145 
26 50 119 22 118 50 
1 29 133 13 137 17 121 28 
15 36 141 90 139 19 150 121 22 
109 120 26 140 19 144 
22 17 145 
22 118 150 
44 47 95 
3 141 120 21 118 88 
109 139 120 19 118 144 
91 19 150 121 22 
90 139 42 15 118 48 
119 21 118 88 139 120 19 144 95 
88 86 141 90 
43 121 30 113 137 86 
22 118 43 25 142 
13 137 86 141 21 86 
2 137 120 15 21 121 18 
119 21 118 149 120 13 118 148 
13 26 53 
13 121 17 141 44 40 
1 99 15 47 
119 15 96 121 22 141 21 86 142 
45 88 30 142 
22 36 147 135 38 
82 46 145 
13 118 133 121 13 
21 137 40 22 150 29 142 
120 15 144 133 121 13 
2 18 27 13 150 
13 118 25 118 137 21 121 17 
13 141 21 145 
5 149 15 118 13 142 
61 144 42 93 139 19 142 
89 121 27 95 
10 150 29 118 13 
19 121 17 13 148 
19 17 134 13 145 
3 121 17 136 15 145 
44 40 26 118 19 142 
13 138 100 86 
21 138 40 121 13 
1 121 17 133 13 25 142 
26 18 134 82 36 120 29 150 
121 13 119 13 118 86 
21 19 49 
1 94 26 25 13 142 
91 88 121 22 
44 40 141 90 
21 121 27 23 
89 121 27 95 133 13 137 17 18 142 
1 138 121 22 46 145 
5 23 144 19 145 
84 149 98 135 102 27 145 
107 149 82 138 86 
43 13 24 118 30 26 144 
26 118 24 13 142 
19 141 90 
21 134 36 86 19 145 
2 143 95 133 100 17 142 
49 121 28 95 
119 22 28 30 142 
22 118 51 121 13 
49 26 15 118 23 142 
2 144 26 142 
21 27 121 22 26 118 42 
120 22 120 25 
11 134 13 145 
15 22 22 118 30 26 144 
10 93 19 121 25 
119 26 134 13 118 23 142 
22 137 86 142 
16 118 30 142 
21 36 24 134 13 22 118 13 
119 26 51 141 21 121 17 23 118 13 
3 23 133 82 
26 118 119 30 118 48 
120 15 22 142 
2 19 118 23 134 13 148 
43 121 25 20 118 137 86 
91 40 95 
2 137 38 
10 96 134 82 119 20 52 
119 20 52 91 121 29 
49 50 13 148 
22 42 141 67 86 
22 118 121 25 
22 118 19 142 
2 19 118 24 142 
19 17 23 134 13 148 
2 138 86 
21 118 26 135 119 15 23 145 
59 27 118 119 20 145 48 
13 41 141 90 
7 42 47 23 118 28 144 
15 140 19 144 141 21 139 42 145 
26 118 143 141 90 
120 20 144 22 118 29 118 30 
2 46 24 142 
7 42 144 141 90 13 148 
7 42 144 133 13 137 38 
13 27 13 142 
1 17 133 82 91 121 29 
120 13 88 
26 93 17 142 
120 26 138 86 120 13 118 148 
26 136 15 13 150 
21 47 18 118 22 142 
89 138 121 22 23 118 30 
21 47 120 15 118 19 121 30 
43 15 118 19 30 142 
1 25 134 13 118 24 142 
49 42 49 25 133 82 
45 121 13 
21 47 22 118 98 
119 15 23 149 82 96 
43 144 26 118 36 
5 17 149 21 46 149 38 
22 118 18 26 150 
1 25 134 120 13 118 25 22 118 13 
3 28 134 120 13 118 26 40 13 148 
13 137 17 121 28 
44 24 91 13 144 13 148 
5 46 47 30 134 13 148 
1 121 22 141 90 
43 144 26 118 13 142 
10 96 133 13 142 
8 149 21 118 86 
10 51 133 13 17 145 
5 135 15 13 137 17 142 
1 15 145 
13 118 137 38 141 119 21 118 93 148 
15 142 44 24 19 118 23 142 
2 17 142 21 24 22 118 30 
3 93 133 36 29 88 
119 26 148 51 22 121 25 
49 47 26 118 133 13 142 
1 135 38 94 148 28 88 
7 42 144 21 118 144 
22 118 90 48 
119 26 51 120 23 149 98 
119 15 142 44 23 150 
119 26 140 66 144 
49 121 25 22 42 141 90 148 28 
1 99 21 49 
49 22 118 30 141 21 121 17 
1 99 21 26 45 133 13 
21 17 142 
22 149 29 26 144 13 148 
5 98 42 119 22 118 50 
5 17 121 22 13 148 
84 13 118 19 118 24 142 
90 13 147 
13 118 25 13 137 13 142 
26 138 18 142 
13 138 120 18 118 137 17 142 
26 118 30 49 145 
20 142 45 133 121 13 
91 40 140 88 49 137 17 88 
1 21 47 45 19 22 118 30 
43 90 18 144 
11 121 25 
119 21 118 42 121 13 
49 28 133 13 95 121 24 
1 52 16 144 13 148 
26 145 94 20 144 
26 98 121 22 133 120 13 118 86 
38 139 19 47 139 19 145 
119 21 118 93 97 121 24 
26 144 18 121 30 13 148 
1 47 26 118 148 
8 149 98 22 42 
1 142 21 25 141 21 86 139 88 
119 26 51 141 21 86 139 88 
10 141 21 149 29 
22 133 13 148 119 19 118 121 13 
22 121 17 
2 137 119 13 118 148 
21 47 84 141 119 21 118 93 148 
15 22 118 19 118 30 141 21 86 139 88 
88 145 48 23 142 
84 26 119 24 118 137 40 13 148 
26 48 
119 21 118 93 137 13 148 
26 144 18 142 
5 93 121 28 133 36 27 134 82 
26 98 139 119 19 86 
66 133 82 142 
13 118 36 19 142 
19 118 148 
11 49 23 142 
13 148 26 150 
90 93 26 142 
13 49 16 150 
120 13 15 47 
121 13 139 42 29 150 
91 13 21 118 26 142 
1 150 121 30 
5 138 121 22 
120 13 118 40 
120 22 118 36 
26 118 30 113 144 42 
59 50 29 134 82 
119 15 143 91 121 29 
22 118 88 121 28 
119 21 149 120 29 118 144 
108 134 13 118 
22 118 84 21 86 139 19 145 
43 98 139 88 45 17 142 
44 24 42 
120 21 84 19 145 
21 134 120 13 149 21 26 144 13 148 
121 13 26 50 
82 52 141 21 118 13 
106 138 
13 17 140 19 43 13 147 95 13 148 
38 13 141 90 
61 144 119 15 143 
119 15 136 38 94 121 26 135 15 134 13 142 
107 145 13 148 
90 139 88 18 144 95 
66 133 82 
7 42 144 19 118 133 82 19 145 
3 23 133 82 20 144 
3 24 26 145 
21 121 17 141 21 118 149 29 145 
13 51 141 90 
119 20 52 23 118 28 144 
10 51 141 21 17 142 
49 36 19 118 135 15 118 24 142 